capacity 10
schools 1 2
nodes 10
0 722 823 736 151 670 600 1023 622 1147
709 0 1089 1003 813 930 949 1372 639 937
807 1026 0 413 877 1081 1113 1256 989 1189
702 956 435 0 772 976 1008 1203 929 1163
133 826 938 852 0 737 658 1081 726 1263
621 871 1008 922 739 0 877 1300 755 1333
557 1003 1133 1038 602 968 0 838 903 1478
971 1418 1278 1183 1017 1252 794 0 1318 1892
682 686 1074 975 786 741 922 1345 0 1175
1077 900 1207 1121 1148 1351 1383 1807 1096 0
(29.399013, -98.526334)
(29.417361, -98.437544)
(29.486833, -98.508355)
(29.468601, -98.524849)
(29.394394, -98.530070)
(29.351701, -98.514740)
(29.435115, -98.593962)
(29.417867, -98.680534)
(29.355400, -98.445857)
(29.459497, -98.434057)
