The correct way to run is: python run_problem.py <file>
Do you want to continue using the file sample.txt? [y/n]schools {0: [0, 4, 5, 0, 0, 3, 0, 0, 6, 0, 2, 3, 0, 5, 5], 7: [0, 0, 0, 7, 5, 0, 2, 0, 3, 2, 0, 0, 10, 0, 4]}
1912 [0, 1, 7, 14, 7, 3, 0, 13, 7, 3, 12, 7, 4, 0, 8, 10, 7, 8, 0, 14, 0, 6, 2, 0, 14, 0, 5, 2, 0, 8, 0, 11, 7, 12, 7, 9, 12, 0]
1716 [0, 13, 0, 2, 1, 0, 5, 2, 0, 8, 0, 8, 10, 7, 3, 0, 6, 5, 0, 11, 0, 14, 7, 3, 4, 7, 4, 14, 7, 12, 7, 12, 7, 9, 8, 7, 4, 0]
2159 [0, 5, 7, 1, 0, 8, 7, 9, 0, 12, 0, 1, 0, 13, 7, 3, 0, 14, 0, 10, 11, 7, 3, 7, 4, 7, 12, 7, 14, 6, 0, 2, 7, 0, 14, 0, 12, 6, 0, 8, 14, 0]
2004 [0, 14, 0, 8, 0, 13, 0, 1, 11, 7, 3, 0, 1, 2, 7, 12, 0, 8, 0, 2, 7, 5, 0, 10, 3, 7, 6, 4, 7, 9, 14, 7, 4, 9, 12, 7, 12, 7, 8, 0]
1888 [7, 4, 0, 11, 0, 14, 0, 8, 7, 14, 7, 3, 0, 2, 0, 8, 0, 1, 5, 0, 13, 7, 3, 8, 7, 6, 7, 12, 0, 5, 10, 7, 9, 12, 7, 12, 7]
2183 [0, 10, 1, 7, 3, 0, 2, 0, 1, 7, 8, 0, 2, 7, 5, 0, 13, 0, 8, 6, 0, 13, 0, 14, 0, 7, 6, 11, 7, 14, 3, 7, 12, 7, 12, 7, 14, 12, 7, 8, 4, 9, 7, 4, 0]
1927 [0, 2, 0, 1, 5, 0, 5, 8, 7, 3, 7, 14, 3, 0, 14, 0, 8, 0, 11, 0, 10, 13, 7, 8, 0, 6, 13, 7, 4, 7, 12, 7, 14, 7, 12, 7, 9, 0]
2383 [7, 8, 14, 0, 13, 7, 9, 3, 7, 4, 3, 7, 12, 0, 2, 7, 12, 4, 0, 5, 0, 1, 7, 11, 0, 6, 0, 8, 7, 12, 0, 14, 7, 14, 0, 1, 8, 10, 0, 14, 7]
2424 [0, 2, 1, 7, 8, 0, 12, 8, 0, 13, 7, 3, 10, 6, 0, 5, 0, 5, 0, 2, 7, 13, 0, 8, 0, 14, 12, 0, 13, 7, 8, 0, 5, 0, 11, 0, 14, 7, 3, 7, 3, 4, 7, 9, 12, 7, 14, 12, 4, 7, 14, 0]
2847 [0, 8, 0, 11, 7, 1, 7, 3, 7, 12, 0, 2, 6, 7, 4, 7, 12, 0, 1, 7, 5, 0, 10, 9, 0, 14, 0, 2, 0, 13, 0, 14, 8, 10, 0, 7, 12, 13, 7, 12, 14, 7, 3, 8, 7, 8, 14, 0]
2212 [7, 3, 0, 8, 7, 4, 0, 14, 0, 8, 0, 10, 2, 7, 14, 0, 1, 7, 8, 9, 0, 2, 5, 7, 3, 12, 7, 12, 7, 12, 0, 6, 13, 7, 0, 11, 0, 11, 13, 0, 13, 12, 7]
2660 [7, 14, 7, 3, 0, 5, 0, 8, 0, 8, 10, 0, 13, 0, 2, 0, 11, 0, 2, 1, 0, 14, 0, 2, 0, 11, 0, 11, 7, 8, 7, 13, 4, 7, 3, 7, 4, 3, 7, 8, 6, 9, 7, 12, 7, 8, 12, 7, 12, 7]
2248 [7, 14, 3, 0, 1, 7, 10, 7, 12, 0, 14, 7, 12, 0, 5, 0, 2, 7, 8, 11, 0, 1, 7, 3, 0, 5, 0, 8, 0, 8, 7, 2, 9, 7, 3, 0, 8, 7, 13, 7, 4, 0, 13, 7, 6, 9, 8, 7]
2327 [0, 2, 0, 11, 7, 1, 0, 3, 8, 0, 14, 0, 13, 0, 5, 8, 7, 4, 0, 11, 7, 12, 10, 6, 7, 3, 7, 9, 7, 3, 7, 12, 7, 12, 7, 14, 8, 7, 8, 12, 0]
2114 [7, 3, 7, 6, 8, 0, 14, 7, 9, 7, 12, 7, 12, 0, 8, 7, 4, 0, 1, 0, 8, 0, 11, 13, 7, 3, 0, 10, 0, 1, 14, 7, 14, 0, 1, 0, 2, 0, 13, 0, 5, 13, 7]
2072 [0, 8, 0, 2, 0, 8, 0, 5, 0, 1, 0, 5, 13, 7, 10, 8, 0, 14, 13, 0, 11, 7, 14, 0, 7, 3, 14, 7, 9, 12, 7, 3, 7, 4, 7, 12, 6, 7, 4, 7, 12, 0]
2459 [0, 11, 0, 14, 7, 1, 7, 6, 8, 7, 14, 0, 2, 0, 12, 8, 7, 12, 7, 4, 0, 10, 14, 7, 3, 7, 9, 0, 12, 2, 7, 3, 9, 0, 13, 5, 0, 11, 13, 0, 8, 10, 13, 0]
1818 [7, 3, 0, 9, 7, 6, 1, 7, 3, 0, 12, 0, 14, 0, 2, 0, 8, 0, 13, 0, 8, 7, 5, 11, 14, 0, 11, 10, 1, 7, 12, 7, 4, 7, 8, 14, 7, 8, 12, 7]
1936 [0, 8, 0, 5, 11, 0, 14, 7, 3, 7, 4, 0, 3, 0, 13, 0, 1, 0, 2, 5, 7, 8, 9, 7, 4, 0, 10, 6, 0, 2, 8, 7, 6, 14, 7, 12, 8, 7, 12, 7, 12, 0]
2152 [7, 4, 7, 6, 0, 3, 0, 5, 0, 1, 7, 10, 0, 14, 0, 11, 0, 13, 7, 3, 0, 8, 0, 14, 7, 1, 0, 9, 7, 2, 7, 12, 0, 8, 0, 14, 2, 7, 3, 4, 12, 7, 12, 7]
2795 [7, 9, 0, 3, 0, 1, 0, 8, 0, 5, 7, 14, 7, 12, 7, 12, 7, 12, 0, 2, 7, 3, 0, 14, 8, 0, 6, 0, 2, 7, 11, 7, 12, 7, 14, 0, 11, 6, 0, 8, 7, 4, 7, 4, 10, 0, 12, 0, 13, 7, 4, 0, 11, 7]
2210 [7, 3, 7, 14, 8, 0, 13, 7, 3, 7, 4, 9, 7, 14, 0, 2, 7, 6, 0, 4, 0, 5, 0, 1, 10, 12, 5, 0, 14, 0, 2, 0, 1, 0, 8, 7, 12, 7, 0, 12, 8, 0, 11, 7]
2002 [7, 3, 0, 14, 7, 9, 0, 1, 3, 7, 12, 7, 4, 0, 13, 0, 5, 0, 2, 13, 0, 11, 1, 7, 8, 6, 7, 14, 7, 12, 0, 8, 0, 2, 0, 8, 10, 5, 7]
2237 [7, 6, 12, 7, 4, 7, 3, 7, 3, 12, 7, 8, 14, 0, 14, 0, 11, 7, 9, 1, 7, 12, 0, 14, 11, 7, 9, 10, 0, 14, 2, 0, 5, 0, 2, 8, 0, 13, 0, 8, 7]
2020 [0, 8, 0, 2, 0, 5, 1, 0, 5, 0, 11, 8, 0, 10, 7, 6, 7, 13, 3, 7, 3, 0, 14, 7, 9, 7, 12, 0, 13, 7, 14, 8, 7, 12, 7, 4, 8, 7, 4, 0]
2763 [7, 12, 0, 14, 0, 13, 7, 4, 7, 3, 0, 6, 7, 3, 2, 7, 8, 9, 0, 5, 14, 0, 2, 7, 8, 12, 0, 1, 0, 1, 7, 12, 10, 7, 14, 0, 8, 0, 12, 7, 12, 0, 3, 7, 11, 0, 8, 12, 7, 12, 7]
2122 [0, 2, 0, 1, 0, 2, 0, 14, 7, 3, 0, 8, 7, 6, 9, 12, 0, 10, 0, 8, 7, 3, 0, 13, 7, 12, 7, 8, 0, 5, 0, 4, 7, 3, 11, 7, 4, 12, 7, 12, 14, 7, 14, 0]
2142 [7, 8, 0, 14, 7, 14, 0, 2, 3, 0, 13, 0, 1, 0, 13, 0, 2, 10, 14, 7, 12, 7, 4, 0, 5, 7, 12, 8, 0, 2, 0, 11, 7, 8, 7, 3, 12, 0, 6, 7, 3, 7, 8, 9, 7]
2342 [7, 3, 0, 14, 7, 3, 0, 8, 0, 10, 7, 8, 3, 7, 12, 7, 4, 7, 9, 3, 0, 13, 7, 5, 6, 0, 11, 0, 13, 0, 1, 14, 0, 11, 0, 2, 0, 13, 0, 7, 14, 7, 12, 7, 12, 10, 7]
1843 [7, 3, 7, 12, 0, 14, 0, 11, 7, 8, 0, 1, 5, 0, 2, 7, 4, 0, 1, 13, 7, 12, 3, 0, 8, 0, 10, 13, 7, 14, 7, 6, 9, 14, 7, 12, 7]
1771 [7, 3, 7, 12, 7, 3, 9, 4, 0, 2, 0, 5, 0, 1, 0, 11, 7, 4, 0, 13, 7, 6, 0, 8, 0, 5, 0, 10, 7, 8, 0, 14, 0, 7, 10, 7, 14, 7, 4, 12, 7, 12, 7]
2474 [7, 3, 7, 12, 7, 14, 4, 7, 6, 3, 8, 7, 4, 9, 0, 8, 7, 4, 12, 0, 1, 7, 0, 8, 12, 0, 2, 0, 14, 0, 13, 11, 0, 5, 8, 0, 13, 0, 10, 14, 7]
2689 [0, 8, 7, 3, 7, 4, 0, 1, 6, 0, 14, 0, 1, 0, 14, 0, 5, 0, 2, 7, 3, 0, 12, 0, 13, 14, 7, 10, 0, 2, 0, 2, 0, 11, 0, 8, 0, 11, 13, 7, 9, 7, 4, 14, 7, 12, 7, 12, 4, 7, 12, 9, 0]
2335 [0, 10, 5, 0, 8, 0, 2, 7, 9, 8, 7, 4, 0, 1, 7, 2, 0, 11, 0, 3, 7, 6, 0, 3, 0, 11, 0, 14, 7, 6, 0, 12, 13, 7, 9, 0, 13, 12, 0, 7, 13, 7, 14, 7, 12, 0]
1787 [7, 12, 0, 1, 7, 14, 0, 2, 0, 11, 7, 3, 10, 0, 13, 7, 6, 0, 5, 7, 12, 7, 4, 0, 8, 0, 14, 7, 3, 0, 5, 8, 7, 8, 9, 7]
2356 [0, 14, 0, 10, 5, 7, 3, 0, 8, 0, 13, 0, 11, 0, 1, 0, 8, 0, 11, 7, 13, 7, 6, 0, 4, 2, 7, 11, 12, 0, 7, 12, 7, 2, 3, 7, 12, 7, 8, 7, 4, 3, 7, 9, 7, 14, 9, 0]
1946 [7, 4, 0, 1, 7, 14, 0, 5, 0, 10, 0, 2, 7, 3, 0, 13, 0, 13, 11, 0, 8, 7, 9, 0, 8, 0, 13, 7, 3, 14, 7, 12, 7, 12, 7, 3, 6, 7]
2364 [7, 14, 6, 7, 3, 0, 8, 0, 2, 0, 5, 1, 6, 0, 13, 11, 0, 1, 0, 2, 7, 4, 0, 14, 0, 10, 9, 0, 8, 0, 13, 7, 4, 7, 14, 3, 7, 12, 7, 3, 12, 7, 12, 7, 12, 7]
2399 [7, 3, 0, 9, 0, 1, 7, 12, 7, 5, 12, 0, 8, 0, 13, 0, 2, 7, 1, 0, 14, 0, 2, 7, 3, 7, 4, 0, 8, 11, 0, 14, 7, 6, 0, 14, 0, 14, 7, 13, 10, 7, 12, 7, 6, 7, 14, 7, 8, 12, 7]
2910 [7, 6, 3, 0, 2, 7, 3, 0, 1, 0, 8, 9, 0, 1, 10, 0, 5, 11, 0, 10, 0, 13, 0, 11, 0, 14, 0, 13, 0, 14, 8, 0, 13, 14, 7, 3, 4, 7, 12, 4, 7, 12, 7, 12, 7, 12, 7, 14, 8, 7, 14, 7]
2467 [7, 3, 0, 14, 7, 9, 0, 1, 0, 4, 2, 7, 14, 4, 0, 10, 7, 1, 7, 5, 7, 12, 0, 8, 2, 0, 8, 7, 8, 0, 11, 0, 13, 0, 5, 8, 13, 0, 7, 12, 13, 7, 3, 8, 12, 7, 3, 6, 14, 7]
1983 [7, 4, 0, 2, 7, 6, 8, 7, 14, 7, 12, 7, 12, 0, 8, 7, 3, 7, 9, 3, 0, 14, 7, 0, 1, 3, 0, 5, 0, 10, 5, 8, 13, 0, 11, 13, 0, 13, 7]
2251 [0, 2, 0, 5, 0, 11, 0, 13, 7, 3, 8, 7, 3, 0, 1, 6, 9, 0, 8, 7, 1, 0, 5, 3, 0, 14, 0, 8, 0, 7, 12, 10, 7, 3, 12, 7, 14, 12, 7, 4, 7, 12, 7, 4, 0]
2368 [0, 2, 7, 8, 14, 7, 3, 7, 4, 0, 14, 0, 1, 7, 11, 0, 9, 13, 7, 12, 0, 8, 0, 1, 7, 5, 0, 10, 7, 13, 14, 0, 3, 5, 7, 3, 6, 8, 7, 12, 7, 12, 10, 0]
2500 [7, 3, 0, 9, 0, 14, 7, 4, 0, 5, 7, 3, 7, 6, 4, 7, 8, 7, 12, 14, 7, 12, 0, 8, 0, 1, 7, 2, 0, 12, 6, 13, 0, 10, 0, 13, 7, 0, 2, 0, 12, 0, 2, 8, 0, 5, 0, 11, 10, 7]
2117 [7, 9, 0, 4, 1, 0, 2, 7, 1, 0, 3, 0, 13, 0, 14, 0, 8, 5, 0, 8, 7, 6, 11, 3, 7, 8, 0, 10, 11, 0, 2, 7, 11, 3, 7, 14, 7, 4, 12, 14, 7, 12, 7, 12, 7]
2501 [0, 1, 10, 0, 13, 7, 6, 0, 8, 7, 4, 0, 14, 0, 5, 0, 2, 7, 9, 3, 0, 11, 7, 8, 7, 3, 0, 10, 0, 11, 0, 4, 0, 11, 7, 12, 7, 3, 7, 3, 7, 12, 14, 7, 3, 7, 12, 7, 12, 0]
2663 [7, 3, 7, 8, 3, 7, 4, 7, 14, 6, 7, 9, 0, 12, 1, 7, 6, 0, 1, 0, 1, 0, 2, 12, 0, 5, 10, 7, 0, 12, 0, 13, 0, 14, 0, 11, 0, 11, 0, 11, 2, 0, 8, 0, 8, 7]
1830 [0, 13, 7, 3, 7, 6, 14, 0, 1, 10, 0, 1, 8, 5, 0, 2, 0, 11, 0, 8, 0, 14, 7, 4, 7, 3, 7, 9, 12, 7, 12, 7, 6, 12, 7, 8, 0]
2564 [7, 8, 7, 3, 0, 14, 0, 2, 7, 5, 0, 1, 7, 4, 7, 3, 7, 3, 0, 9, 0, 8, 0, 13, 0, 2, 0, 11, 8, 0, 1, 0, 14, 0, 10, 13, 0, 7, 11, 6, 7, 14, 13, 7, 12, 7, 12, 7, 6, 7]
2266 [7, 8, 6, 7, 12, 0, 2, 7, 4, 0, 14, 0, 1, 14, 0, 8, 0, 5, 7, 3, 0, 1, 13, 0, 10, 0, 11, 0, 11, 0, 8, 13, 7, 3, 7, 11, 4, 7, 12, 9, 7, 12, 7]
2140 [7, 3, 0, 13, 7, 3, 0, 4, 0, 2, 0, 8, 5, 0, 11, 0, 8, 1, 0, 2, 11, 0, 8, 0, 14, 7, 14, 0, 6, 7, 4, 7, 8, 7, 10, 7, 12, 7, 12, 7, 12, 9, 6, 7]
2125 [0, 14, 7, 3, 7, 12, 0, 1, 7, 8, 0, 13, 0, 8, 9, 13, 7, 4, 0, 10, 0, 5, 8, 0, 2, 7, 3, 7, 12, 0, 9, 0, 6, 11, 7, 14, 7, 14, 12, 0]
2008 [7, 12, 7, 3, 7, 14, 0, 10, 1, 7, 12, 7, 3, 9, 0, 8, 0, 14, 11, 0, 13, 0, 5, 0, 2, 14, 0, 2, 0, 5, 1, 8, 7, 4, 7, 6, 8, 7]
2032 [7, 14, 8, 0, 2, 7, 4, 7, 6, 12, 0, 1, 11, 7, 12, 0, 10, 7, 14, 7, 9, 7, 3, 0, 12, 8, 0, 13, 7, 3, 0, 5, 0, 14, 8, 11, 0, 8, 0, 5, 8, 7, 3, 7]
2665 [7, 12, 7, 8, 7, 14, 0, 9, 0, 5, 7, 2, 3, 0, 14, 6, 0, 10, 7, 1, 7, 4, 0, 14, 0, 8, 1, 7, 3, 0, 13, 7, 3, 0, 11, 7, 14, 0, 11, 0, 8, 7, 12, 7, 12, 0, 8, 11, 2, 7]
1708 [7, 4, 7, 12, 7, 3, 7, 12, 7, 8, 0, 14, 7, 6, 0, 9, 7, 3, 14, 0, 1, 0, 5, 11, 0, 2, 7, 14, 0, 10, 13, 0, 2, 0, 5, 0, 8, 0, 8, 13, 7]
2249 [7, 3, 7, 14, 0, 2, 0, 1, 0, 12, 14, 0, 13, 7, 3, 12, 0, 2, 0, 9, 11, 0, 5, 0, 8, 0, 8, 0, 14, 0, 10, 0, 8, 0, 5, 7, 4, 11, 7, 6, 12, 7, 12, 7, 8, 4, 7]
2323 [0, 2, 0, 1, 7, 5, 0, 14, 0, 11, 0, 9, 7, 3, 0, 13, 7, 3, 0, 14, 7, 5, 0, 10, 8, 0, 8, 0, 14, 12, 7, 8, 0, 4, 8, 7, 12, 7, 14, 7, 4, 6, 7, 6, 12, 0]
2463 [7, 9, 3, 0, 10, 0, 6, 0, 11, 0, 1, 0, 14, 5, 7, 3, 7, 14, 7, 4, 7, 8, 3, 12, 0, 8, 0, 8, 0, 1, 7, 14, 0, 8, 0, 12, 13, 7, 12, 0, 13, 2, 7, 12, 0, 2, 7]
2014 [7, 12, 7, 6, 0, 4, 0, 8, 0, 2, 7, 12, 0, 5, 11, 7, 3, 7, 4, 0, 1, 7, 8, 0, 9, 10, 7, 11, 14, 0, 1, 14, 0, 14, 7, 13, 0, 3, 7, 3, 0, 13, 8, 7]
2439 [7, 9, 7, 6, 7, 8, 14, 7, 3, 0, 2, 0, 8, 11, 0, 8, 0, 13, 7, 3, 0, 10, 0, 4, 0, 14, 2, 0, 5, 7, 4, 0, 14, 1, 7, 14, 0, 14, 12, 0, 1, 7, 14, 7, 12, 7, 12, 7]
1914 [0, 8, 0, 5, 1, 0, 2, 7, 9, 7, 3, 7, 4, 0, 5, 3, 7, 14, 0, 8, 0, 13, 7, 12, 0, 11, 7, 4, 10, 7, 8, 7, 12, 7, 6, 12, 0, 14, 0]
2694 [7, 3, 0, 14, 7, 12, 7, 12, 0, 3, 0, 1, 7, 6, 9, 0, 8, 0, 1, 0, 4, 8, 7, 8, 0, 10, 0, 11, 0, 2, 0, 5, 7, 2, 7, 4, 8, 0, 2, 7, 14, 7, 4, 0, 13, 0, 7, 13, 7, 14, 12, 7, 12, 7]
2168 [7, 3, 7, 12, 14, 7, 12, 7, 4, 0, 8, 0, 1, 11, 7, 3, 9, 6, 0, 13, 0, 8, 0, 5, 0, 1, 13, 0, 2, 0, 10, 7, 12, 7, 3, 13, 7, 12, 0, 14, 7, 4, 0, 2, 7]
2045 [0, 2, 7, 3, 7, 6, 0, 14, 7, 3, 0, 14, 4, 0, 13, 0, 11, 14, 10, 0, 8, 0, 1, 0, 5, 8, 7, 11, 8, 7, 12, 9, 7, 12, 7, 8, 7, 4, 12, 0]
2200 [0, 13, 7, 3, 0, 8, 5, 7, 4, 7, 3, 8, 0, 1, 7, 6, 0, 14, 7, 8, 0, 2, 6, 0, 10, 0, 11, 0, 2, 0, 1, 14, 0, 1, 7, 14, 7, 9, 7, 12, 7, 12, 7, 14, 0]
2190 [7, 4, 7, 3, 0, 1, 7, 14, 7, 9, 6, 7, 3, 0, 8, 0, 11, 14, 7, 12, 0, 2, 7, 12, 0, 10, 0, 8, 6, 11, 0, 13, 0, 2, 8, 7, 10, 0, 5, 12, 13, 0, 5, 7]
2083 [7, 9, 8, 7, 4, 7, 6, 0, 12, 13, 0, 11, 7, 3, 7, 3, 0, 4, 0, 8, 7, 12, 7, 12, 14, 0, 2, 7, 3, 14, 0, 1, 0, 14, 0, 5, 0, 14, 0, 8, 13, 0, 13, 10, 7]
2015 [7, 14, 7, 6, 4, 0, 11, 0, 1, 7, 9, 12, 0, 14, 0, 14, 1, 0, 5, 7, 10, 0, 8, 0, 4, 0, 13, 7, 3, 0, 8, 0, 2, 7, 12, 7, 8, 3, 7, 12, 14, 7]
2181 [7, 3, 0, 8, 0, 1, 5, 7, 3, 12, 0, 2, 0, 5, 0, 11, 0, 2, 0, 10, 0, 13, 0, 14, 0, 7, 8, 11, 7, 4, 7, 9, 14, 7, 12, 6, 9, 7, 8, 7, 12, 7, 12, 7]
2689 [0, 1, 7, 12, 7, 11, 0, 11, 7, 12, 0, 10, 13, 7, 3, 7, 9, 7, 4, 0, 2, 0, 3, 14, 7, 12, 0, 6, 8, 7, 14, 4, 0, 8, 11, 0, 2, 0, 5, 13, 14, 7, 4, 0, 2, 8, 5, 6, 0, 8, 0]
2025 [0, 1, 0, 14, 0, 13, 11, 7, 4, 0, 14, 10, 0, 2, 7, 3, 0, 5, 10, 0, 8, 0, 7, 13, 7, 3, 8, 7, 9, 4, 7, 3, 4, 7, 6, 7, 12, 7, 12, 0]
2152 [7, 4, 7, 12, 0, 1, 2, 7, 6, 3, 0, 14, 0, 8, 0, 2, 0, 5, 10, 8, 7, 9, 0, 5, 7, 8, 14, 0, 13, 0, 7, 3, 7, 11, 3, 7, 8, 7, 12, 7, 9, 7]
2120 [7, 4, 7, 3, 0, 14, 0, 2, 7, 3, 0, 13, 0, 1, 7, 5, 9, 0, 6, 0, 8, 0, 14, 0, 5, 7, 8, 0, 11, 7, 12, 0, 14, 7, 12, 10, 7, 3, 7, 4, 7, 12, 8, 7]
1840 [0, 1, 7, 14, 0, 2, 0, 5, 0, 13, 0, 10, 14, 7, 4, 7, 3, 0, 5, 0, 13, 7, 9, 7, 8, 0, 3, 0, 8, 0, 7, 10, 3, 11, 7, 6, 12, 9, 7, 12, 7, 12, 0]
2046 [7, 12, 7, 4, 0, 5, 13, 7, 12, 0, 14, 0, 2, 7, 3, 8, 0, 11, 14, 7, 3, 0, 14, 0, 8, 0, 1, 14, 7, 12, 9, 0, 6, 0, 13, 7, 12, 8, 0, 8, 10, 7]
1945 [7, 3, 0, 2, 7, 14, 1, 0, 13, 7, 12, 0, 8, 0, 10, 2, 7, 4, 7, 9, 0, 8, 4, 3, 7, 4, 12, 14, 7, 6, 8, 0, 14, 0, 8, 5, 0, 11, 5, 7, 10, 12, 7]
2500 [7, 12, 0, 14, 0, 8, 7, 11, 0, 1, 7, 12, 10, 7, 6, 7, 4, 0, 2, 7, 12, 0, 14, 7, 3, 0, 5, 7, 9, 7, 8, 3, 7, 0, 1, 12, 3, 0, 13, 1, 0, 13, 8, 0, 8, 7]
2801 [0, 8, 7, 3, 7, 12, 7, 12, 0, 1, 0, 1, 0, 3, 0, 6, 7, 2, 0, 8, 7, 14, 7, 2, 7, 4, 0, 2, 14, 0, 13, 0, 1, 7, 9, 7, 8, 14, 0, 5, 14, 7, 0, 12, 0, 11, 10, 0, 14, 13, 11, 0]
2065 [7, 3, 0, 2, 0, 8, 7, 9, 8, 0, 1, 5, 0, 1, 7, 3, 0, 8, 11, 0, 14, 0, 13, 10, 7, 11, 0, 12, 0, 13, 14, 7, 4, 7, 14, 7, 12, 7, 6, 12, 7]
1967 [7, 4, 0, 10, 7, 1, 7, 3, 0, 14, 0, 5, 0, 10, 8, 0, 2, 7, 3, 14, 0, 11, 0, 8, 0, 13, 7, 14, 7, 12, 7, 8, 7, 12, 7, 6, 7, 9, 12, 7]
2383 [7, 4, 7, 3, 9, 7, 8, 0, 5, 0, 2, 3, 0, 2, 7, 8, 5, 7, 6, 0, 12, 0, 14, 0, 13, 0, 10, 0, 13, 0, 1, 7, 11, 12, 7, 12, 0, 8, 0, 7, 8, 7, 1, 2, 7, 14, 7]
2141 [0, 2, 7, 3, 10, 7, 12, 0, 14, 0, 13, 7, 1, 0, 9, 13, 0, 2, 0, 8, 0, 11, 7, 5, 14, 0, 8, 11, 7, 4, 7, 4, 9, 14, 7, 8, 3, 7, 12, 7, 3, 6, 0]
2206 [0, 5, 7, 3, 0, 2, 0, 1, 0, 8, 0, 2, 11, 0, 14, 0, 8, 0, 10, 0, 13, 0, 7, 11, 3, 9, 7, 4, 7, 3, 7, 6, 14, 7, 8, 3, 7, 6, 7, 12, 7, 4, 12, 7, 12, 7, 12, 0]
2342 [7, 12, 0, 8, 0, 5, 7, 14, 7, 3, 0, 11, 0, 2, 1, 7, 3, 7, 9, 0, 4, 0, 13, 0, 10, 2, 7, 14, 0, 4, 7, 6, 7, 8, 0, 12, 13, 7, 12, 7, 2, 14, 12, 0, 14, 8, 7]
2158 [0, 8, 0, 2, 0, 1, 7, 6, 5, 8, 0, 10, 14, 0, 11, 0, 11, 7, 14, 0, 5, 11, 7, 3, 13, 0, 8, 7, 13, 3, 7, 4, 7, 3, 7, 12, 8, 14, 7, 12, 7, 9, 7, 12, 9, 0]
2072 [7, 6, 7, 3, 0, 13, 7, 4, 0, 1, 2, 0, 2, 7, 3, 8, 7, 8, 7, 14, 0, 8, 0, 8, 11, 0, 5, 8, 0, 10, 14, 0, 14, 7, 9, 7, 12, 7, 12, 7]
2082 [7, 3, 7, 9, 12, 7, 12, 3, 7, 4, 7, 8, 0, 14, 0, 6, 0, 5, 7, 1, 12, 0, 2, 7, 14, 0, 8, 0, 13, 7, 12, 0, 5, 0, 10, 13, 8, 0, 14, 11, 7]
2507 [0, 1, 2, 7, 8, 7, 6, 0, 14, 0, 2, 0, 8, 7, 14, 0, 2, 11, 0, 4, 0, 5, 8, 7, 3, 7, 9, 12, 7, 3, 0, 10, 0, 12, 0, 8, 0, 13, 0, 13, 11, 7, 4, 12, 7, 4, 0]
2456 [7, 3, 7, 12, 14, 7, 3, 4, 0, 10, 11, 9, 0, 5, 7, 12, 0, 11, 0, 2, 0, 13, 0, 14, 0, 14, 7, 1, 0, 8, 0, 14, 0, 8, 14, 12, 7, 6, 7, 8, 4, 7, 12, 7, 12, 4, 7]
2477 [0, 2, 0, 11, 1, 7, 3, 7, 14, 0, 5, 0, 8, 4, 0, 14, 10, 0, 8, 7, 12, 3, 0, 13, 7, 11, 0, 4, 0, 13, 7, 14, 4, 7, 8, 7, 9, 12, 7, 12, 7, 6, 12, 0]
2022 [0, 2, 7, 8, 0, 1, 7, 4, 0, 5, 0, 13, 0, 8, 0, 14, 0, 8, 0, 1, 0, 10, 0, 7, 11, 14, 7, 3, 7, 14, 3, 7, 12, 9, 7, 6, 7, 12, 7, 12, 0]
2486 [0, 2, 0, 14, 0, 10, 0, 5, 0, 13, 2, 7, 3, 0, 8, 7, 1, 0, 8, 9, 0, 13, 11, 0, 14, 8, 7, 3, 7, 4, 7, 8, 6, 7, 14, 9, 7, 12, 7, 12, 0]
2229 [7, 4, 7, 3, 0, 11, 7, 6, 0, 13, 7, 3, 7, 8, 10, 0, 14, 7, 12, 9, 7, 6, 12, 0, 8, 7, 12, 0, 13, 14, 0, 1, 0, 2, 0, 1, 7, 14, 5, 0, 2, 7, 8, 14, 7]
2297 [0, 14, 7, 8, 7, 3, 7, 14, 0, 9, 7, 11, 12, 0, 13, 0, 8, 7, 1, 7, 3, 7, 4, 0, 2, 0, 10, 0, 5, 8, 0, 8, 7, 12, 6, 7, 12, 7, 14, 0]
2113 [0, 8, 7, 9, 8, 0, 10, 1, 0, 2, 7, 5, 7, 14, 0, 13, 2, 7, 3, 0, 8, 11, 10, 0, 14, 7, 3, 13, 0, 7, 14, 6, 7, 12, 7, 4, 7, 12, 3, 7, 12, 6, 0]
2113 [7, 3, 0, 1, 11, 7, 14, 0, 3, 7, 8, 0, 13, 7, 9, 0, 3, 8, 7, 12, 0, 14, 0, 2, 0, 11, 0, 5, 10, 7, 4, 7, 12, 7, 6, 7]
2239 [0, 8, 0, 14, 7, 3, 7, 9, 0, 8, 11, 0, 1, 0, 10, 7, 4, 0, 13, 0, 1, 0, 11, 0, 2, 0, 13, 7, 5, 0, 7, 12, 7, 6, 13, 12, 7, 3, 4, 7, 14, 7, 14, 12, 7, 14, 0]
1968 [7, 4, 0, 2, 0, 2, 1, 0, 13, 0, 2, 7, 11, 0, 14, 0, 2, 5, 10, 0, 8, 7, 3, 0, 8, 10, 14, 7, 12, 7, 12, 7, 3, 6, 7, 8, 9, 7, 14, 7]
2440 [7, 3, 0, 1, 7, 3, 0, 8, 0, 13, 7, 3, 0, 5, 0, 9, 7, 4, 0, 6, 0, 10, 7, 4, 7, 11, 0, 14, 7, 14, 4, 12, 0, 2, 7, 14, 12, 7, 12, 7, 5, 7, 0, 2, 0, 2, 12, 0, 2, 8, 0, 2, 7]
2321 [0, 1, 0, 10, 7, 3, 7, 3, 7, 11, 0, 6, 0, 8, 0, 2, 0, 1, 7, 2, 0, 8, 13, 7, 8, 0, 3, 5, 7, 4, 0, 5, 14, 0, 13, 7, 14, 7, 12, 9, 7, 12, 7, 14, 12, 0]
2309 [0, 5, 0, 2, 0, 1, 0, 14, 7, 3, 7, 4, 0, 13, 7, 8, 0, 2, 7, 14, 0, 2, 6, 0, 3, 7, 8, 0, 2, 7, 11, 0, 9, 7, 8, 7, 12, 7, 12, 0, 10, 7, 12, 7, 14, 12, 0]
2010 [0, 5, 1, 7, 3, 6, 7, 8, 0, 12, 7, 4, 5, 0, 13, 0, 2, 11, 0, 14, 0, 2, 7, 3, 10, 7, 4, 7, 12, 0, 8, 7, 12, 7, 3, 0, 8, 14, 7, 9, 0]
1964 [0, 11, 8, 0, 14, 0, 8, 5, 7, 12, 0, 13, 7, 3, 0, 2, 0, 1, 10, 0, 5, 7, 10, 7, 4, 7, 6, 7, 8, 7, 3, 9, 12, 7, 12, 7, 14, 0]
2203 [7, 9, 0, 3, 0, 2, 1, 7, 6, 7, 4, 0, 13, 7, 8, 0, 3, 14, 0, 5, 2, 7, 14, 0, 8, 0, 5, 8, 0, 10, 0, 14, 11, 7, 12, 7, 12, 7, 0, 12, 14, 7]
2196 [7, 6, 0, 14, 7, 8, 4, 7, 3, 7, 12, 7, 4, 7, 12, 7, 3, 7, 9, 0, 14, 12, 0, 1, 0, 10, 0, 13, 5, 0, 11, 13, 0, 2, 0, 8, 0, 11, 14, 8, 7]
2280 [7, 12, 0, 13, 7, 12, 0, 1, 0, 14, 0, 10, 0, 8, 0, 11, 0, 8, 0, 2, 0, 8, 5, 0, 7, 11, 7, 8, 2, 7, 3, 7, 3, 14, 7, 3, 4, 7, 9, 7, 4, 6, 8, 7]
2313 [7, 8, 0, 14, 0, 3, 7, 3, 7, 12, 7, 4, 0, 10, 13, 0, 11, 0, 8, 7, 14, 0, 2, 7, 3, 4, 0, 1, 0, 5, 8, 0, 8, 7, 4, 7, 12, 13, 7, 12, 7, 14, 6, 9, 7]
2270 [7, 12, 6, 0, 14, 0, 10, 0, 11, 0, 1, 0, 2, 14, 0, 5, 7, 4, 2, 0, 5, 7, 8, 7, 14, 7, 8, 0, 4, 8, 0, 13, 7, 14, 7, 12, 7, 3, 7, 9, 7, 12, 3, 7]
2424 [7, 6, 7, 3, 7, 4, 0, 2, 1, 0, 5, 13, 7, 3, 7, 12, 0, 8, 7, 14, 7, 12, 9, 0, 2, 7, 11, 12, 0, 2, 7, 14, 7, 0, 12, 0, 14, 0, 13, 0, 8, 10, 0, 10, 7]
2016 [7, 3, 0, 13, 0, 1, 2, 7, 12, 0, 2, 7, 11, 7, 6, 7, 14, 8, 0, 14, 7, 9, 6, 3, 0, 5, 0, 11, 7, 10, 8, 7, 4, 7, 12, 0, 8, 7]
2291 [0, 2, 7, 3, 1, 7, 3, 7, 3, 0, 5, 0, 4, 7, 14, 7, 4, 7, 6, 0, 13, 12, 0, 11, 0, 14, 0, 13, 0, 2, 0, 8, 10, 5, 0, 8, 7, 12, 7, 12, 7, 8, 0, 11, 7, 12, 9, 0]
2491 [0, 1, 13, 0, 8, 0, 5, 7, 3, 7, 11, 14, 0, 14, 0, 2, 0, 5, 0, 10, 0, 13, 0, 8, 0, 7, 13, 12, 7, 3, 7, 6, 9, 7, 4, 3, 7, 10, 7, 12, 7, 8, 7, 14, 7, 4, 7, 12, 7, 8, 12, 0]
2336 [7, 8, 14, 7, 4, 6, 9, 0, 2, 7, 4, 3, 0, 8, 0, 13, 0, 14, 7, 12, 0, 5, 7, 14, 0, 12, 0, 11, 0, 1, 10, 8, 0, 1, 7, 3, 7, 12, 3, 7]
2049 [0, 13, 5, 0, 8, 0, 1, 11, 7, 12, 7, 4, 0, 14, 0, 8, 0, 10, 7, 1, 0, 3, 2, 0, 13, 7, 2, 7, 3, 7, 9, 14, 7, 6, 8, 7, 9, 7, 12, 0]
2150 [0, 13, 0, 1, 7, 4, 0, 14, 7, 4, 7, 9, 7, 3, 0, 11, 0, 5, 7, 14, 0, 2, 7, 6, 7, 10, 7, 3, 0, 8, 7, 8, 0, 12, 14, 0, 7, 2, 7, 12, 7, 12, 7, 8, 12, 0]
2738 [0, 1, 5, 7, 8, 14, 7, 3, 7, 4, 0, 11, 7, 14, 0, 8, 0, 3, 0, 14, 0, 13, 0, 2, 0, 14, 0, 2, 0, 5, 13, 0, 2, 0, 13, 7, 10, 9, 7, 12, 7, 12, 0, 14, 0, 3, 8, 7, 6, 12, 0]
2719 [7, 3, 7, 3, 7, 9, 7, 8, 7, 4, 0, 5, 0, 1, 0, 2, 0, 1, 7, 14, 7, 12, 0, 2, 0, 2, 11, 0, 5, 14, 7, 12, 6, 0, 13, 10, 7, 12, 0, 13, 0, 14, 7, 8, 14, 12, 0, 7, 14, 8, 7]
2526 [7, 3, 0, 6, 8, 7, 3, 8, 7, 14, 7, 4, 0, 14, 0, 8, 7, 12, 7, 4, 0, 9, 5, 0, 10, 0, 11, 1, 0, 1, 13, 0, 2, 7, 12, 0, 13, 7, 2, 0, 12, 14, 0, 14, 7]
2299 [7, 6, 7, 3, 7, 8, 0, 14, 7, 3, 4, 9, 0, 11, 10, 0, 1, 7, 12, 7, 12, 0, 2, 8, 0, 14, 2, 0, 2, 7, 13, 5, 7, 12, 7, 0, 4, 13, 0, 8, 0, 8, 13, 7]
2822 [0, 11, 10, 0, 14, 0, 5, 7, 1, 0, 3, 7, 12, 2, 7, 14, 0, 9, 0, 8, 0, 8, 14, 7, 1, 0, 1, 0, 2, 0, 3, 7, 2, 0, 8, 7, 12, 0, 8, 7, 6, 12, 0, 13, 0, 2, 7, 4, 7, 12, 7, 9, 0]
2083 [7, 12, 7, 3, 8, 0, 13, 0, 2, 0, 8, 0, 1, 0, 5, 2, 7, 3, 0, 14, 0, 11, 14, 7, 3, 7, 4, 0, 5, 6, 0, 9, 5, 10, 0, 8, 7, 4, 0, 12, 14, 7, 12, 7]
2026 [7, 3, 7, 3, 12, 0, 2, 7, 8, 0, 11, 6, 0, 14, 0, 13, 7, 12, 7, 4, 7, 9, 14, 0, 12, 10, 7, 4, 0, 5, 8, 0, 8, 0, 1, 0, 7, 8, 7, 14, 7]
2320 [7, 12, 7, 3, 0, 14, 0, 1, 7, 2, 7, 4, 7, 3, 12, 6, 7, 8, 7, 9, 0, 14, 0, 13, 0, 14, 0, 11, 2, 7, 14, 0, 5, 12, 0, 2, 10, 5, 0, 8, 0, 2, 8, 7]
2472 [7, 3, 0, 14, 7, 9, 0, 1, 12, 0, 5, 13, 7, 12, 0, 2, 0, 8, 0, 11, 0, 1, 0, 8, 0, 13, 7, 6, 14, 0, 8, 13, 7, 10, 0, 6, 10, 7, 8, 7, 3, 7, 12, 7, 3, 7, 4, 7]
2283 [7, 3, 7, 6, 9, 14, 0, 1, 0, 11, 0, 13, 0, 2, 7, 14, 7, 3, 5, 7, 12, 7, 3, 12, 7, 4, 0, 14, 0, 2, 0, 8, 10, 7, 4, 12, 0, 14, 8, 7, 8, 7]
2317 [7, 9, 7, 4, 7, 3, 7, 8, 12, 0, 5, 0, 13, 7, 3, 0, 14, 7, 6, 0, 8, 12, 0, 11, 0, 1, 7, 8, 12, 7, 0, 12, 0, 14, 2, 0, 2, 0, 2, 0, 8, 10, 7]
2409 [7, 8, 7, 14, 9, 7, 8, 7, 3, 7, 9, 12, 0, 5, 1, 0, 1, 0, 13, 7, 12, 7, 6, 7, 12, 3, 0, 2, 4, 7, 4, 0, 11, 0, 14, 0, 8, 0, 8, 2, 10, 0, 8, 7]
2111 [0, 14, 0, 5, 2, 7, 3, 0, 11, 1, 0, 10, 0, 2, 7, 4, 0, 1, 7, 8, 0, 13, 0, 8, 7, 4, 7, 14, 7, 9, 8, 3, 7, 12, 7, 12, 6, 7, 12, 0]
2266 [0, 8, 7, 14, 0, 5, 0, 2, 7, 10, 0, 1, 0, 3, 8, 0, 1, 0, 2, 8, 14, 0, 13, 11, 7, 3, 9, 7, 4, 0, 13, 0, 7, 14, 7, 12, 7, 9, 7, 12, 7, 8, 6, 7, 8, 14, 0]
1814 [7, 3, 0, 2, 0, 10, 1, 7, 4, 7, 3, 0, 14, 7, 8, 6, 7, 12, 0, 8, 0, 5, 0, 9, 14, 0, 11, 0, 13, 0, 8, 0, 7, 12, 7, 10, 14, 7, 12, 7]
2409 [7, 3, 7, 3, 7, 12, 7, 4, 0, 2, 0, 1, 7, 14, 2, 7, 6, 7, 8, 0, 12, 0, 5, 13, 0, 2, 13, 0, 8, 11, 0, 10, 2, 0, 14, 0, 7, 9, 7, 8, 7, 9, 7, 14, 12, 7, 14, 7]
1922 [0, 2, 0, 11, 0, 5, 7, 6, 1, 3, 7, 3, 0, 8, 0, 1, 8, 7, 14, 7, 3, 0, 8, 12, 0, 13, 7, 4, 0, 14, 7, 9, 7, 10, 12, 7, 12, 14, 7, 12, 0]
2240 [0, 1, 7, 6, 7, 11, 0, 4, 8, 0, 1, 5, 0, 13, 0, 8, 7, 14, 0, 2, 7, 3, 7, 8, 0, 12, 14, 7, 10, 0, 12, 7, 14, 3, 7, 4, 7, 12, 7, 9, 0]
2522 [0, 2, 0, 8, 0, 1, 0, 13, 7, 14, 6, 7, 8, 0, 3, 7, 3, 0, 14, 0, 8, 5, 0, 10, 7, 14, 0, 8, 7, 3, 7, 3, 0, 2, 0, 14, 12, 9, 7, 12, 0, 2, 11, 7, 4, 7, 0, 12, 11, 0]
2403 [7, 9, 7, 8, 0, 3, 0, 8, 0, 1, 7, 4, 7, 5, 0, 3, 11, 0, 1, 14, 7, 14, 0, 2, 0, 3, 0, 2, 0, 13, 7, 12, 0, 8, 0, 10, 14, 7, 6, 7, 14, 4, 7, 12, 7]
2033 [7, 4, 7, 12, 7, 9, 7, 3, 0, 1, 7, 3, 0, 8, 0, 10, 2, 7, 6, 14, 0, 8, 7, 12, 0, 5, 0, 2, 0, 1, 0, 13, 0, 5, 7, 11, 14, 0, 14, 8, 7, 14, 7]
1995 [7, 12, 7, 3, 7, 8, 9, 7, 6, 0, 1, 0, 1, 4, 7, 3, 0, 4, 0, 12, 10, 0, 5, 10, 0, 8, 0, 11, 0, 8, 2, 7, 12, 0, 14, 7, 14, 0, 13, 0, 2, 14, 7]
2034 [0, 13, 0, 8, 7, 4, 0, 2, 7, 6, 7, 8, 7, 9, 0, 14, 0, 11, 0, 5, 0, 5, 0, 8, 7, 14, 0, 1, 0, 11, 7, 10, 12, 7, 12, 7, 3, 7, 3, 12, 0]
2410 [7, 3, 7, 12, 0, 11, 0, 2, 0, 1, 0, 14, 7, 11, 12, 0, 5, 13, 0, 14, 2, 0, 14, 0, 10, 13, 0, 8, 7, 3, 7, 4, 0, 7, 6, 8, 7, 12, 6, 14, 7, 9, 14, 7]
1830 [0, 8, 0, 1, 0, 5, 0, 8, 0, 13, 0, 14, 7, 3, 14, 0, 10, 11, 7, 4, 7, 3, 7, 9, 0, 2, 7, 3, 8, 0, 7, 2, 6, 7, 12, 7, 8, 12, 7, 12, 0]
2176 [0, 1, 5, 0, 13, 7, 12, 0, 8, 0, 11, 2, 0, 2, 8, 7, 4, 0, 1, 7, 3, 0, 10, 14, 8, 7, 12, 6, 0, 14, 7, 3, 7, 12, 7, 14, 9, 7, 9, 0]
2330 [0, 10, 0, 11, 14, 0, 1, 7, 5, 7, 12, 0, 8, 7, 14, 7, 14, 0, 3, 13, 0, 2, 7, 3, 6, 7, 12, 7, 4, 0, 8, 5, 0, 13, 5, 7, 3, 8, 9, 7, 8, 0]
2617 [7, 12, 0, 2, 7, 3, 7, 3, 7, 8, 0, 14, 7, 4, 0, 9, 0, 14, 7, 5, 0, 8, 0, 1, 0, 4, 1, 0, 8, 7, 12, 7, 12, 0, 5, 6, 0, 10, 7, 11, 0, 12, 7, 0, 8, 12, 0, 13, 0, 11, 13, 7]
2099 [7, 3, 7, 3, 0, 8, 0, 9, 0, 1, 0, 12, 2, 7, 4, 7, 6, 0, 2, 7, 10, 0, 12, 0, 8, 7, 8, 5, 0, 11, 5, 0, 13, 12, 0, 13, 0, 5, 14, 0, 14, 7, 14, 7, 10, 12, 7]
2419 [0, 2, 0, 10, 7, 13, 7, 3, 7, 4, 0, 13, 7, 9, 0, 11, 1, 7, 12, 0, 5, 0, 3, 7, 8, 0, 8, 7, 6, 0, 2, 1, 7, 14, 0, 14, 7, 8, 12, 0, 7, 12, 7, 14, 6, 12, 0]
1778 [0, 1, 0, 14, 7, 12, 7, 12, 0, 8, 0, 2, 0, 11, 7, 9, 3, 0, 13, 7, 3, 0, 8, 7, 5, 12, 7, 3, 0, 5, 0, 10, 14, 7, 4, 0, 7, 5, 10, 7, 12, 6, 0]
2264 [7, 3, 7, 4, 0, 3, 14, 7, 4, 0, 14, 0, 5, 1, 0, 10, 13, 7, 1, 7, 12, 7, 6, 0, 9, 13, 0, 8, 7, 11, 12, 0, 2, 0, 8, 7, 12, 8, 0, 13, 14, 7, 8, 7]
2454 [7, 9, 3, 7, 6, 7, 12, 7, 3, 0, 14, 7, 3, 7, 4, 0, 8, 7, 12, 0, 1, 5, 0, 13, 0, 11, 0, 14, 2, 0, 10, 7, 8, 7, 12, 0, 5, 7, 8, 0, 4, 2, 0, 2, 7, 5, 12, 7]
2350 [7, 3, 0, 2, 7, 12, 3, 7, 4, 7, 6, 0, 14, 7, 12, 0, 1, 0, 5, 0, 14, 7, 8, 0, 13, 7, 8, 0, 13, 0, 12, 10, 9, 0, 8, 0, 8, 7, 0, 10, 0, 11, 9, 14, 7]
2160 [7, 3, 0, 13, 7, 12, 3, 0, 5, 0, 8, 7, 1, 0, 6, 0, 14, 0, 2, 0, 5, 8, 7, 8, 12, 7, 4, 7, 6, 0, 9, 0, 14, 0, 11, 0, 7, 10, 7, 12, 8, 7, 14, 12, 7]
1920 [0, 11, 7, 1, 3, 0, 2, 7, 6, 0, 14, 7, 9, 8, 0, 13, 0, 8, 2, 7, 1, 7, 4, 0, 8, 0, 5, 0, 10, 7, 14, 7, 3, 7, 12, 7, 3, 7, 12, 7, 14, 0]
2439 [7, 14, 7, 3, 7, 4, 7, 12, 7, 6, 9, 7, 8, 0, 12, 0, 1, 7, 3, 7, 12, 0, 5, 7, 0, 12, 13, 0, 2, 11, 0, 1, 0, 2, 8, 0, 10, 0, 8, 10, 0, 14, 0, 13, 7]
2227 [7, 3, 7, 6, 8, 7, 12, 9, 7, 4, 7, 3, 14, 0, 13, 7, 1, 0, 14, 7, 12, 0, 2, 7, 0, 12, 10, 0, 5, 0, 14, 0, 11, 13, 0, 8, 0, 13, 8, 7]
2566 [0, 14, 0, 10, 1, 7, 9, 0, 8, 6, 0, 12, 13, 7, 12, 0, 2, 0, 14, 0, 1, 7, 2, 0, 11, 0, 5, 0, 3, 0, 8, 0, 7, 11, 7, 13, 4, 7, 12, 7, 8, 12, 7, 3, 7, 4, 7, 3, 12, 0]
1721 [0, 5, 0, 14, 0, 8, 7, 9, 7, 3, 0, 11, 1, 7, 12, 7, 14, 7, 12, 0, 2, 7, 6, 0, 8, 0, 1, 0, 13, 7, 4, 0, 10, 7, 3, 8, 7, 3, 0]
2053 [7, 3, 7, 9, 14, 7, 3, 7, 6, 0, 1, 0, 1, 7, 4, 7, 14, 7, 8, 0, 5, 0, 11, 0, 8, 12, 7, 12, 0, 13, 7, 12, 0, 2, 0, 10, 8, 0, 14, 7]
2069 [0, 1, 7, 2, 14, 7, 12, 7, 8, 0, 9, 7, 12, 0, 2, 0, 14, 0, 13, 0, 11, 0, 5, 13, 0, 8, 0, 14, 0, 8, 13, 7, 3, 7, 6, 12, 7, 4, 7, 3, 0, 10, 0]
2364 [7, 4, 7, 14, 0, 6, 0, 11, 9, 0, 13, 7, 14, 0, 8, 0, 2, 0, 1, 7, 12, 7, 14, 0, 3, 7, 12, 0, 10, 5, 0, 8, 7, 3, 0, 14, 0, 8, 7, 3, 12, 8, 7]
1974 [0, 1, 0, 5, 0, 8, 7, 3, 0, 2, 10, 7, 12, 9, 7, 3, 7, 4, 7, 6, 8, 7, 12, 7, 12, 4, 0, 13, 0, 1, 0, 2, 8, 11, 0, 14, 0, 2, 7, 12, 14, 7, 12, 0]
2231 [0, 11, 10, 0, 1, 0, 5, 1, 7, 4, 6, 0, 14, 0, 2, 7, 12, 7, 3, 7, 14, 0, 12, 7, 4, 7, 13, 0, 4, 8, 7, 12, 0, 8, 13, 7, 12, 7, 8, 9, 7, 3, 7, 3, 0]
1647 [7, 4, 0, 14, 7, 3, 0, 1, 0, 2, 7, 6, 0, 8, 7, 12, 0, 11, 10, 0, 13, 7, 12, 0, 5, 0, 7, 9, 7, 9, 8, 7, 14, 7, 3, 7]
2356 [0, 13, 7, 8, 7, 12, 14, 0, 14, 0, 5, 7, 3, 0, 1, 0, 9, 7, 10, 11, 0, 4, 7, 1, 3, 0, 11, 7, 2, 0, 2, 8, 12, 7, 12, 7, 4, 0, 8, 7, 12, 0, 3, 0, 7, 6, 12, 8, 0]
2126 [7, 14, 7, 8, 4, 0, 14, 0, 1, 2, 0, 11, 5, 7, 12, 0, 11, 7, 3, 0, 13, 0, 10, 7, 2, 0, 3, 2, 8, 0, 8, 7, 3, 4, 7, 9, 7, 6, 3, 7, 12, 7, 9, 7]
2190 [0, 13, 7, 4, 0, 9, 8, 7, 6, 7, 4, 14, 0, 1, 7, 4, 0, 8, 0, 2, 7, 3, 0, 11, 5, 0, 14, 0, 10, 5, 7, 3, 8, 7, 12, 7, 12, 6, 7, 12, 0]
2002 [0, 5, 0, 1, 5, 7, 12, 0, 8, 0, 2, 0, 10, 7, 14, 0, 14, 5, 0, 8, 7, 13, 14, 7, 14, 7, 8, 9, 7, 12, 7, 3, 7, 4, 3, 0, 6, 0, 7, 11, 4, 13, 7, 4, 0]
1931 [7, 8, 3, 7, 4, 7, 3, 7, 6, 0, 14, 0, 1, 2, 0, 11, 2, 7, 12, 7, 12, 7, 6, 9, 0, 8, 12, 0, 5, 0, 8, 14, 0, 13, 0, 8, 11, 10, 7]
2312 [0, 10, 2, 7, 4, 0, 14, 7, 3, 7, 3, 9, 0, 8, 0, 8, 0, 1, 7, 11, 0, 2, 0, 12, 7, 3, 14, 0, 13, 0, 2, 0, 11, 5, 7, 6, 7, 6, 8, 7, 12, 14, 7, 12, 0]
2586 [7, 4, 7, 6, 12, 9, 0, 2, 1, 7, 12, 0, 13, 0, 8, 10, 0, 5, 2, 7, 3, 7, 14, 0, 8, 7, 3, 4, 7, 4, 7, 14, 8, 0, 2, 12, 14, 0, 14, 0, 14, 7, 12, 11, 7, 12, 7]
2132 [7, 6, 7, 3, 0, 11, 0, 2, 7, 1, 0, 13, 4, 0, 5, 0, 13, 7, 8, 0, 2, 10, 0, 14, 7, 3, 0, 4, 8, 7, 9, 8, 0, 10, 7, 4, 7, 12, 7, 12, 14, 7, 12, 7]
2294 [0, 2, 7, 9, 0, 14, 7, 3, 0, 10, 7, 4, 0, 5, 0, 13, 1, 7, 6, 0, 4, 0, 8, 7, 3, 7, 4, 12, 0, 5, 7, 14, 12, 7, 9, 7, 12, 0, 8, 11, 0, 10, 0, 13, 7, 14, 8, 0]
2468 [0, 14, 7, 14, 0, 10, 7, 1, 14, 0, 6, 0, 2, 7, 12, 7, 3, 0, 11, 1, 7, 14, 9, 3, 7, 12, 0, 8, 7, 4, 7, 5, 0, 11, 8, 0, 4, 7, 6, 0, 9, 0, 13, 7, 4, 0, 7, 8, 0]
2395 [7, 3, 7, 6, 0, 8, 0, 10, 7, 4, 0, 11, 0, 1, 2, 7, 3, 7, 14, 4, 7, 4, 12, 7, 12, 0, 9, 14, 0, 13, 0, 2, 0, 2, 0, 14, 0, 8, 0, 2, 5, 0, 7, 12, 7, 14, 12, 7]
2003 [0, 2, 7, 4, 0, 14, 7, 14, 9, 0, 11, 7, 8, 7, 3, 10, 7, 3, 0, 12, 0, 13, 7, 9, 0, 6, 5, 12, 0, 8, 1, 0, 8, 7, 12, 0, 7, 12, 5, 0]
2315 [0, 10, 0, 8, 7, 9, 8, 0, 5, 6, 0, 14, 0, 8, 1, 0, 13, 7, 12, 0, 2, 0, 2, 0, 14, 0, 11, 2, 14, 0, 7, 14, 7, 12, 7, 3, 7, 4, 7, 3, 8, 0]
2494 [7, 8, 0, 12, 0, 8, 7, 4, 0, 14, 7, 4, 3, 0, 13, 1, 0, 2, 0, 5, 0, 8, 10, 0, 2, 0, 2, 0, 11, 0, 5, 14, 7, 3, 0, 13, 7, 12, 7, 12, 3, 7, 9, 6, 7]
2256 [7, 12, 0, 13, 7, 12, 0, 14, 0, 2, 0, 11, 1, 0, 8, 5, 0, 10, 8, 0, 8, 11, 0, 7, 3, 7, 3, 7, 14, 7, 4, 7, 12, 3, 7, 6, 3, 7, 9, 7, 8, 6, 7]
1791 [7, 3, 7, 12, 7, 6, 9, 0, 8, 0, 13, 7, 3, 0, 8, 0, 1, 0, 2, 10, 4, 0, 2, 11, 7, 12, 0, 14, 7, 14, 0, 4, 2, 5, 7, 12, 4, 7, 12, 7]
2293 [0, 11, 8, 0, 14, 0, 10, 0, 1, 0, 2, 7, 5, 3, 0, 8, 2, 0, 2, 7, 13, 7, 6, 0, 13, 7, 12, 0, 14, 0, 1, 7, 12, 7, 4, 7, 3, 7, 8, 12, 7, 9, 8, 0]
2445 [0, 1, 0, 8, 0, 8, 7, 14, 7, 11, 3, 0, 2, 7, 14, 0, 4, 13, 0, 10, 0, 13, 7, 6, 0, 13, 7, 6, 0, 14, 7, 5, 0, 8, 7, 4, 5, 0, 9, 10, 5, 7, 3, 7, 12, 8, 9, 7, 12, 7, 12, 0]
2281 [0, 10, 0, 1, 0, 14, 0, 5, 0, 11, 0, 1, 0, 8, 0, 13, 0, 2, 0, 8, 14, 7, 6, 7, 9, 7, 4, 7, 4, 7, 14, 7, 12, 7, 12, 7, 6, 7, 9, 3, 7, 8, 4, 7, 8, 3, 0]
2649 [7, 8, 7, 6, 12, 0, 1, 0, 10, 7, 2, 0, 13, 7, 12, 7, 14, 9, 0, 8, 7, 3, 7, 4, 0, 11, 0, 1, 3, 0, 2, 7, 4, 5, 0, 8, 7, 9, 14, 7, 12, 0, 11, 14, 13, 7]
2369 [0, 1, 7, 5, 0, 3, 7, 10, 6, 0, 4, 0, 8, 7, 14, 0, 8, 2, 7, 12, 0, 2, 13, 5, 0, 14, 10, 7, 4, 12, 0, 11, 13, 0, 13, 14, 7, 9, 7, 8, 7, 3, 7, 12, 0]
1964 [0, 1, 0, 14, 7, 12, 7, 3, 7, 3, 14, 0, 13, 7, 12, 7, 3, 0, 11, 0, 2, 0, 2, 0, 5, 2, 0, 10, 8, 0, 8, 7, 9, 7, 6, 8, 7, 4, 0]
2097 [0, 1, 7, 3, 11, 7, 9, 7, 12, 7, 3, 7, 4, 7, 8, 0, 14, 0, 13, 7, 6, 8, 0, 12, 14, 7, 12, 0, 2, 0, 11, 5, 0, 2, 8, 0, 10, 0, 5, 0, 8, 0]
2472 [7, 8, 0, 14, 0, 12, 10, 2, 7, 3, 7, 4, 0, 1, 7, 13, 7, 12, 0, 5, 7, 6, 0, 13, 7, 9, 11, 0, 2, 7, 3, 13, 0, 12, 7, 3, 0, 13, 7, 14, 0, 8, 0, 14, 8, 7]
2520 [0, 14, 7, 10, 8, 0, 13, 0, 2, 0, 13, 0, 1, 0, 8, 7, 12, 0, 2, 7, 5, 0, 14, 0, 14, 7, 3, 0, 5, 7, 13, 7, 3, 7, 12, 0, 11, 0, 8, 9, 7, 3, 6, 7, 4, 7, 12, 0]
1996 [0, 2, 7, 6, 12, 7, 3, 7, 12, 7, 4, 7, 8, 9, 0, 10, 11, 7, 14, 3, 0, 14, 7, 14, 0, 8, 0, 1, 0, 5, 0, 13, 0, 1, 0, 12, 0, 13, 8, 0, 8, 0]
2217 [0, 2, 0, 2, 1, 0, 8, 11, 7, 8, 0, 12, 7, 3, 0, 14, 7, 12, 2, 0, 8, 14, 0, 5, 0, 13, 10, 7, 4, 6, 7, 3, 0, 14, 0, 9, 7, 13, 7, 3, 7, 12, 14, 7, 12, 7, 4, 0]
2253 [7, 12, 0, 10, 0, 8, 0, 5, 11, 0, 1, 0, 8, 7, 14, 7, 12, 7, 8, 0, 4, 0, 2, 0, 13, 0, 7, 14, 11, 13, 7, 4, 7, 6, 3, 7, 9, 3, 7, 14, 3, 7]
2053 [7, 3, 0, 2, 7, 4, 10, 0, 8, 0, 13, 0, 2, 7, 1, 14, 0, 14, 8, 0, 2, 0, 5, 0, 7, 14, 7, 9, 7, 4, 7, 11, 7, 12, 7, 12, 3, 7, 8, 14, 7, 6, 12, 7]
2481 [0, 8, 0, 14, 7, 14, 7, 6, 3, 7, 8, 7, 12, 0, 3, 0, 8, 0, 13, 7, 4, 7, 8, 0, 10, 7, 12, 0, 1, 0, 5, 9, 1, 7, 12, 7, 0, 12, 14, 11, 0, 2, 0, 5, 11, 0]
2564 [0, 2, 7, 1, 7, 3, 7, 8, 0, 10, 3, 0, 14, 7, 14, 3, 7, 12, 0, 2, 0, 2, 7, 5, 7, 3, 6, 0, 4, 0, 8, 7, 9, 0, 11, 7, 4, 0, 13, 9, 0, 11, 8, 7, 13, 7, 12, 0]
1847 [0, 2, 7, 4, 0, 14, 7, 3, 0, 1, 7, 11, 7, 6, 7, 9, 8, 7, 14, 7, 12, 0, 8, 0, 10, 7, 8, 13, 0, 5, 0, 11, 0, 13, 12, 7, 3, 12, 0]
2327 [0, 11, 1, 0, 2, 0, 1, 7, 8, 0, 14, 0, 8, 7, 3, 0, 5, 10, 0, 8, 0, 10, 13, 0, 7, 3, 7, 12, 7, 9, 7, 12, 7, 8, 3, 13, 7, 14, 6, 7, 4, 7, 3, 12, 14, 7, 12, 0]
2657 [7, 4, 7, 14, 6, 7, 12, 7, 3, 0, 2, 0, 9, 0, 10, 0, 2, 0, 13, 7, 3, 8, 7, 12, 0, 3, 7, 12, 0, 14, 7, 12, 0, 1, 0, 5, 0, 11, 0, 8, 0, 14, 8, 0, 8, 5, 7]
1973 [0, 10, 0, 14, 7, 6, 7, 3, 0, 2, 0, 1, 5, 7, 4, 0, 9, 0, 5, 11, 0, 13, 0, 8, 7, 4, 0, 3, 12, 7, 8, 14, 7, 14, 7, 12, 7, 12, 0]
2041 [0, 10, 11, 7, 8, 14, 0, 14, 0, 5, 7, 9, 7, 1, 7, 3, 0, 2, 14, 7, 4, 7, 9, 0, 5, 3, 0, 8, 0, 5, 0, 8, 13, 0, 2, 13, 7, 12, 6, 7, 12, 7, 12, 0]
2653 [0, 14, 0, 2, 0, 10, 0, 13, 0, 8, 7, 14, 0, 1, 0, 11, 5, 7, 8, 0, 11, 12, 0, 13, 0, 13, 7, 2, 0, 6, 7, 8, 7, 3, 7, 9, 7, 12, 7, 4, 7, 3, 12, 7, 14, 6, 12, 0]
2445 [0, 2, 0, 13, 11, 7, 3, 7, 9, 0, 14, 0, 13, 0, 5, 7, 8, 0, 8, 10, 0, 14, 7, 14, 0, 8, 7, 12, 6, 0, 1, 7, 3, 4, 7, 12, 4, 7, 12, 7, 0, 12, 1, 0]
2108 [7, 3, 0, 1, 0, 2, 0, 8, 7, 12, 7, 3, 0, 8, 0, 13, 11, 0, 10, 7, 9, 0, 13, 7, 5, 7, 4, 0, 14, 7, 6, 7, 12, 7, 4, 12, 0, 13, 14, 7, 12, 7]
2354 [0, 2, 7, 1, 14, 7, 9, 7, 3, 7, 12, 0, 5, 7, 6, 7, 8, 3, 7, 4, 7, 14, 0, 13, 12, 7, 12, 0, 5, 2, 7, 0, 10, 2, 12, 0, 14, 11, 0, 8, 0, 14, 0, 8, 13, 0]
2143 [7, 4, 7, 3, 0, 11, 1, 7, 12, 7, 6, 7, 14, 7, 3, 0, 8, 7, 12, 0, 1, 0, 2, 5, 0, 8, 2, 0, 10, 7, 14, 7, 12, 0, 9, 0, 14, 2, 13, 0, 13, 7]
2742 [7, 12, 7, 8, 4, 7, 3, 0, 8, 7, 6, 12, 0, 3, 7, 5, 0, 5, 1, 0, 1, 7, 9, 0, 14, 12, 7, 4, 7, 8, 7, 12, 0, 14, 0, 1, 0, 10, 0, 2, 0, 11, 14, 0, 13, 7, 0, 2, 12, 7]
1831 [7, 12, 7, 3, 7, 12, 7, 4, 0, 2, 0, 11, 0, 13, 0, 14, 0, 5, 10, 0, 1, 0, 8, 7, 6, 0, 7, 3, 7, 3, 7, 9, 8, 7, 9, 14, 7]
2098 [7, 12, 7, 12, 7, 8, 6, 7, 3, 0, 11, 0, 10, 0, 5, 0, 14, 7, 4, 0, 13, 7, 14, 7, 3, 7, 14, 9, 0, 1, 2, 0, 8, 0, 2, 8, 7]
1878 [0, 1, 0, 2, 7, 12, 7, 14, 3, 0, 5, 14, 7, 12, 7, 8, 7, 6, 7, 9, 4, 0, 8, 0, 8, 14, 0, 13, 7, 4, 0, 3, 10, 0, 7, 11, 7, 3, 0]
2189 [7, 4, 7, 12, 0, 2, 0, 14, 7, 6, 0, 11, 13, 7, 8, 0, 12, 1, 0, 8, 0, 5, 0, 14, 0, 13, 0, 1, 0, 5, 8, 7, 10, 14, 7, 14, 7, 3, 7, 12, 9, 3, 7, 12, 7]
2395 [7, 3, 0, 13, 0, 1, 7, 14, 7, 3, 7, 2, 0, 10, 0, 2, 7, 12, 7, 4, 0, 6, 14, 7, 4, 8, 7, 12, 0, 2, 5, 7, 14, 0, 8, 0, 5, 0, 9, 0, 10, 0, 14, 0, 8, 0, 11, 7]
2270 [7, 3, 7, 3, 9, 7, 12, 0, 5, 14, 0, 11, 7, 1, 6, 0, 1, 7, 14, 0, 10, 0, 13, 7, 4, 0, 1, 7, 2, 0, 8, 0, 2, 7, 14, 8, 7, 12, 7, 14, 7]
2126 [7, 4, 7, 14, 6, 0, 5, 1, 0, 2, 0, 11, 7, 1, 9, 10, 7, 3, 0, 8, 7, 3, 7, 6, 9, 0, 8, 0, 11, 7, 12, 7, 12, 0, 14, 7, 12, 0, 13, 7, 12, 7]
2429 [7, 8, 0, 13, 12, 0, 1, 7, 3, 7, 3, 0, 5, 0, 10, 11, 0, 1, 0, 2, 0, 11, 0, 14, 0, 8, 0, 7, 8, 7, 4, 13, 7, 3, 4, 6, 7, 14, 7, 12, 7, 12, 9, 14, 7, 12, 7]
2892 [7, 3, 7, 3, 7, 4, 7, 8, 0, 5, 4, 7, 14, 0, 4, 0, 8, 7, 12, 7, 12, 6, 9, 0, 11, 0, 13, 7, 12, 8, 7, 0, 12, 14, 10, 0, 1, 2, 0, 13, 0, 2, 13, 0, 13, 14, 7]
1891 [7, 12, 0, 10, 5, 0, 13, 0, 11, 1, 0, 1, 0, 2, 7, 12, 0, 14, 0, 8, 7, 3, 7, 14, 0, 7, 6, 8, 7, 4, 7, 6, 9, 4, 7, 3, 7]
2418 [0, 1, 10, 7, 12, 0, 13, 7, 12, 0, 8, 7, 4, 0, 6, 0, 2, 10, 7, 9, 0, 2, 0, 2, 8, 0, 14, 5, 0, 14, 7, 11, 0, 4, 7, 11, 3, 7, 3, 7, 4, 7, 14, 8, 0]
1714 [7, 3, 0, 10, 7, 14, 7, 3, 9, 7, 12, 7, 12, 7, 8, 14, 6, 0, 13, 7, 4, 0, 1, 0, 14, 0, 2, 0, 8, 0, 8, 1, 0, 5, 0, 7, 11, 8, 7]
2192 [7, 12, 0, 2, 9, 7, 12, 7, 6, 7, 8, 0, 5, 0, 3, 0, 14, 7, 4, 0, 11, 0, 1, 7, 11, 0, 14, 0, 13, 7, 12, 0, 2, 10, 0, 8, 7, 3, 0, 8, 11, 7]
2037 [0, 2, 0, 14, 7, 6, 7, 14, 7, 12, 7, 6, 9, 7, 8, 0, 5, 0, 1, 7, 4, 0, 13, 0, 8, 7, 3, 0, 11, 0, 11, 8, 10, 1, 7, 12, 7, 3, 12, 9, 0]
2226 [7, 3, 7, 4, 0, 1, 13, 0, 2, 7, 3, 0, 8, 7, 6, 0, 11, 7, 9, 0, 5, 0, 12, 7, 14, 0, 5, 0, 10, 0, 11, 0, 13, 0, 8, 14, 7, 12, 14, 7, 12, 0, 13, 14, 7]
1848 [7, 3, 7, 4, 0, 11, 7, 3, 7, 12, 7, 14, 0, 4, 13, 7, 4, 7, 12, 0, 14, 7, 6, 0, 8, 0, 1, 2, 7, 9, 0, 2, 5, 0, 8, 13, 0, 10, 2, 7]
2255 [7, 3, 0, 13, 0, 11, 7, 1, 0, 14, 7, 3, 0, 1, 0, 4, 0, 14, 7, 12, 7, 2, 0, 12, 0, 5, 0, 2, 7, 8, 7, 9, 14, 7, 12, 6, 0, 4, 7, 12, 8, 7, 12, 0, 10, 8, 7]
2634 [7, 3, 0, 1, 2, 7, 9, 0, 8, 7, 6, 7, 3, 7, 4, 7, 14, 4, 7, 12, 0, 5, 0, 13, 0, 2, 0, 5, 0, 11, 0, 10, 0, 13, 0, 10, 8, 7, 4, 0, 12, 0, 14, 7, 12, 7]
2288 [7, 9, 3, 0, 2, 0, 11, 0, 1, 0, 1, 7, 3, 5, 7, 12, 0, 8, 0, 10, 0, 14, 0, 13, 0, 8, 7, 13, 12, 7, 6, 3, 7, 12, 7, 8, 7, 4, 14, 7, 4, 7, 8, 7]
2630 [0, 11, 0, 1, 2, 7, 3, 7, 3, 8, 7, 4, 0, 14, 0, 13, 7, 12, 0, 2, 7, 10, 0, 6, 7, 12, 7, 9, 0, 14, 8, 7, 14, 0, 12, 5, 8, 0, 8, 10, 0]
1902 [0, 13, 0, 5, 1, 0, 2, 0, 14, 11, 0, 14, 7, 4, 0, 1, 0, 8, 0, 10, 7, 4, 8, 7, 3, 7, 12, 7, 4, 9, 6, 7, 12, 7, 3, 14, 7, 3, 0]
2595 [0, 2, 7, 14, 7, 1, 8, 7, 9, 0, 3, 13, 0, 2, 0, 5, 2, 0, 10, 13, 0, 5, 7, 11, 0, 14, 0, 8, 0, 14, 7, 8, 12, 7, 12, 3, 7, 4, 14, 6, 7, 12, 7, 12, 4, 7, 4, 0]
2080 [0, 13, 7, 12, 8, 0, 1, 0, 14, 0, 1, 10, 0, 2, 0, 5, 8, 0, 8, 0, 11, 7, 14, 7, 4, 7, 3, 7, 14, 7, 12, 6, 3, 7, 12, 7, 9, 12, 0]
2310 [7, 3, 7, 14, 0, 8, 3, 0, 13, 0, 2, 0, 1, 0, 11, 0, 5, 0, 2, 0, 14, 0, 8, 5, 10, 0, 7, 3, 4, 7, 4, 6, 7, 8, 7, 9, 10, 12, 8, 7, 12, 7, 12, 7]
2027 [0, 1, 11, 0, 8, 0, 2, 10, 7, 4, 0, 2, 5, 0, 8, 7, 14, 7, 3, 0, 11, 6, 0, 14, 13, 0, 13, 7, 14, 3, 7, 12, 7, 9, 8, 7, 12, 0]
2220 [0, 13, 0, 5, 8, 7, 12, 7, 9, 7, 12, 7, 14, 0, 8, 0, 14, 0, 2, 1, 0, 11, 0, 14, 0, 10, 2, 7, 4, 0, 7, 3, 7, 8, 3, 7, 6, 10, 7, 12, 7, 12, 8, 9, 0]
2271 [0, 13, 11, 7, 9, 14, 0, 13, 0, 14, 0, 2, 0, 5, 10, 0, 1, 8, 7, 3, 7, 6, 0, 4, 7, 8, 7, 3, 7, 4, 0, 12, 8, 7, 12, 0, 8, 9, 7, 12, 0]
2082 [0, 2, 7, 1, 9, 7, 3, 0, 14, 7, 4, 7, 12, 0, 2, 7, 3, 0, 11, 0, 2, 0, 5, 9, 0, 5, 0, 8, 0, 8, 10, 0, 13, 7, 6, 8, 7, 3, 0, 7, 14, 7, 12, 0]
1973 [7, 3, 7, 3, 7, 4, 7, 6, 0, 14, 7, 8, 0, 1, 9, 0, 1, 0, 13, 0, 8, 7, 12, 0, 10, 0, 11, 0, 2, 7, 12, 0, 8, 5, 7, 0, 14, 7]
2568 [0, 11, 1, 0, 2, 7, 8, 0, 14, 7, 12, 0, 10, 0, 14, 13, 7, 3, 7, 3, 0, 8, 4, 0, 8, 5, 7, 12, 0, 14, 8, 7, 9, 0, 11, 13, 0, 12, 11, 7, 4, 8, 7, 6, 9, 0]
2247 [7, 3, 7, 3, 7, 8, 0, 9, 2, 0, 14, 0, 10, 0, 1, 7, 5, 7, 12, 7, 12, 0, 14, 0, 8, 7, 4, 0, 13, 0, 14, 7, 2, 12, 8, 0, 1, 11, 7, 12, 7, 6, 12, 7]
2011 [7, 3, 7, 3, 9, 8, 0, 1, 2, 7, 4, 0, 2, 0, 8, 5, 0, 14, 0, 8, 7, 10, 0, 6, 0, 8, 13, 0, 10, 7, 14, 11, 0, 7, 13, 7, 12, 7, 14, 7, 12, 7]
1975 [7, 3, 7, 12, 0, 5, 0, 11, 7, 8, 0, 13, 7, 4, 0, 2, 0, 10, 0, 1, 0, 10, 14, 0, 8, 0, 2, 7, 12, 3, 0, 5, 14, 7, 14, 7, 14, 6, 12, 7, 9, 12, 7]
1984 [0, 1, 7, 5, 7, 12, 0, 2, 0, 1, 0, 13, 0, 2, 8, 7, 10, 8, 0, 8, 11, 7, 9, 6, 12, 0, 8, 0, 14, 7, 14, 7, 4, 12, 7, 3, 7, 3, 4, 7, 3, 0]
2122 [0, 8, 7, 3, 0, 1, 7, 3, 4, 0, 13, 7, 14, 0, 6, 0, 8, 7, 9, 7, 14, 7, 12, 7, 4, 7, 12, 7, 0, 2, 8, 0, 2, 0, 14, 0, 10, 5, 0, 11, 0]
2477 [7, 9, 7, 3, 7, 3, 0, 11, 0, 12, 7, 1, 0, 14, 0, 2, 14, 0, 1, 2, 0, 8, 0, 13, 10, 7, 4, 0, 11, 0, 8, 0, 5, 0, 7, 8, 7, 12, 7, 12, 14, 7, 12, 7, 8, 13, 6, 7]
2013 [7, 6, 0, 14, 7, 3, 7, 8, 3, 0, 10, 0, 11, 7, 13, 7, 12, 0, 1, 0, 8, 0, 13, 14, 0, 2, 0, 8, 5, 7, 4, 7, 12, 0, 13, 8, 7, 6, 0, 1, 9, 7]
1709 [7, 3, 8, 7, 3, 0, 14, 0, 2, 7, 6, 7, 12, 7, 4, 7, 9, 7, 12, 7, 14, 0, 5, 1, 0, 5, 0, 8, 0, 11, 10, 0, 13, 0, 8, 7]
2169 [7, 3, 7, 12, 7, 9, 7, 3, 7, 8, 14, 0, 2, 0, 1, 0, 8, 7, 4, 0, 11, 13, 0, 10, 0, 5, 7, 14, 7, 13, 0, 12, 7, 6, 7, 5, 14, 0, 14, 0, 8, 12, 7, 12, 7]
1747 [7, 12, 7, 6, 8, 7, 14, 7, 9, 3, 14, 7, 3, 7, 12, 7, 4, 0, 14, 0, 2, 0, 1, 0, 13, 0, 5, 0, 11, 10, 0, 2, 8, 0, 8, 7]
2059 [0, 2, 7, 4, 1, 0, 5, 0, 10, 7, 3, 2, 7, 3, 0, 8, 0, 13, 7, 4, 0, 5, 8, 7, 6, 9, 10, 0, 11, 7, 13, 8, 0, 6, 0, 3, 7, 14, 0, 7, 8, 14, 7, 12, 7, 12, 0]
2404 [0, 14, 0, 2, 0, 13, 0, 2, 1, 0, 10, 7, 2, 0, 11, 0, 3, 0, 8, 7, 12, 0, 5, 7, 3, 0, 8, 13, 0, 5, 7, 3, 7, 12, 7, 14, 3, 7, 3, 12, 7, 9, 7, 6, 4, 7, 8, 4, 12, 7, 4, 0]
1755 [7, 3, 0, 14, 7, 12, 0, 2, 0, 5, 0, 1, 0, 11, 10, 7, 4, 7, 12, 7, 3, 0, 8, 0, 1, 7, 5, 7, 13, 0, 8, 0, 14, 13, 0, 7, 14, 7, 3, 6, 9, 7]
1938 [0, 2, 7, 1, 7, 12, 7, 12, 0, 8, 0, 11, 0, 2, 0, 14, 0, 10, 13, 0, 5, 0, 13, 5, 7, 8, 7, 6, 7, 3, 7, 9, 7, 4, 7, 14, 7, 3, 0]
2287 [7, 3, 8, 0, 10, 14, 0, 8, 7, 3, 0, 14, 7, 1, 0, 13, 0, 11, 2, 4, 0, 2, 8, 7, 4, 7, 14, 7, 4, 6, 7, 12, 7, 9, 12, 0, 13, 5, 7, 14, 12, 7]
2125 [7, 3, 0, 14, 0, 10, 7, 9, 0, 13, 0, 8, 7, 4, 0, 11, 7, 1, 7, 3, 0, 8, 0, 5, 1, 7, 12, 7, 12, 0, 2, 0, 2, 7, 14, 1, 3, 7, 14, 6, 7]
1968 [0, 10, 5, 7, 4, 0, 14, 0, 11, 0, 2, 0, 8, 0, 13, 0, 1, 8, 7, 9, 7, 12, 7, 6, 7, 8, 7, 3, 7, 12, 7, 14, 7, 12, 7, 12, 3, 0]
1733 [0, 14, 7, 3, 0, 1, 0, 13, 0, 8, 0, 10, 5, 0, 8, 2, 0, 2, 7, 6, 11, 10, 7, 8, 3, 7, 6, 7, 9, 4, 7, 12, 4, 7, 14, 7, 12, 7, 12, 0]
2143 [7, 3, 7, 4, 0, 14, 7, 3, 14, 0, 2, 0, 8, 0, 8, 11, 7, 8, 0, 12, 14, 8, 5, 0, 5, 1, 7, 6, 7, 9, 0, 10, 12, 0, 5, 7, 13, 7, 12, 7, 12, 0, 13, 7]
2588 [7, 3, 0, 2, 0, 8, 7, 14, 7, 3, 7, 12, 10, 0, 8, 7, 1, 0, 5, 0, 14, 8, 7, 4, 7, 9, 7, 14, 7, 6, 12, 0, 13, 7, 4, 0, 1, 0, 12, 7, 12, 0, 5, 0, 11, 0, 11, 14, 7]
2348 [0, 10, 7, 3, 5, 0, 14, 0, 8, 0, 2, 0, 11, 0, 13, 0, 8, 7, 4, 7, 1, 6, 7, 12, 7, 3, 7, 6, 8, 7, 9, 12, 7, 12, 7, 3, 7, 4, 3, 7, 14, 8, 0]
2410 [0, 8, 0, 11, 7, 14, 7, 4, 9, 7, 6, 0, 12, 0, 5, 8, 7, 4, 14, 7, 8, 0, 13, 7, 12, 0, 5, 2, 0, 1, 10, 0, 2, 7, 13, 7, 10, 12, 0, 13, 7, 3, 7, 4, 3, 0]
2003 [7, 4, 0, 14, 0, 2, 7, 3, 8, 0, 13, 7, 6, 12, 0, 9, 0, 1, 5, 7, 3, 0, 8, 10, 0, 1, 11, 7, 4, 0, 14, 7, 12, 0, 8, 7, 12, 7]
2301 [7, 3, 0, 9, 7, 1, 0, 2, 0, 3, 7, 4, 0, 13, 7, 12, 14, 7, 6, 0, 8, 7, 12, 0, 2, 3, 0, 14, 1, 0, 11, 0, 8, 14, 0, 5, 7, 4, 10, 0, 7, 11, 12, 7, 12, 7]
2501 [7, 3, 0, 8, 0, 2, 8, 7, 3, 8, 0, 9, 0, 10, 0, 14, 0, 5, 0, 1, 11, 7, 12, 0, 1, 13, 7, 2, 0, 4, 7, 4, 7, 5, 6, 12, 0, 7, 13, 8, 7, 12, 7, 12, 7, 12, 14, 7]
2271 [0, 10, 0, 14, 0, 2, 7, 1, 0, 12, 0, 13, 0, 5, 2, 7, 3, 7, 6, 7, 3, 7, 12, 0, 5, 8, 0, 8, 0, 7, 4, 7, 11, 4, 7, 9, 4, 7, 14, 7, 8, 12, 7, 14, 12, 0]
1953 [0, 1, 7, 3, 0, 14, 7, 4, 0, 8, 5, 0, 2, 7, 9, 7, 4, 0, 8, 7, 12, 0, 11, 8, 0, 13, 0, 10, 14, 7, 3, 7, 4, 12, 6, 7, 12, 7, 14, 0]
2150 [0, 14, 7, 8, 7, 3, 0, 5, 7, 1, 0, 2, 7, 3, 0, 10, 7, 4, 7, 6, 0, 9, 12, 0, 1, 0, 8, 0, 2, 11, 0, 8, 0, 11, 0, 13, 7, 12, 7, 14, 7, 12, 14, 7, 14, 0]
2119 [7, 12, 7, 3, 0, 2, 0, 14, 7, 4, 0, 3, 0, 5, 0, 1, 7, 4, 0, 8, 0, 13, 0, 11, 7, 9, 4, 10, 7, 14, 0, 6, 8, 7, 12, 7, 14, 0, 8, 13, 7]
2354 [0, 10, 5, 7, 8, 4, 7, 3, 0, 8, 11, 7, 4, 0, 1, 0, 3, 1, 0, 2, 0, 14, 0, 13, 0, 14, 0, 13, 0, 8, 13, 7, 14, 9, 0, 14, 7, 6, 13, 7, 9, 12, 7, 12, 7, 12, 0]
2061 [7, 9, 0, 3, 0, 8, 0, 11, 0, 5, 0, 2, 0, 14, 10, 7, 4, 0, 1, 0, 8, 0, 13, 7, 3, 0, 14, 6, 7, 14, 3, 7, 12, 7, 12, 7, 8, 7, 12, 7]
2593 [0, 11, 7, 10, 0, 13, 3, 0, 14, 7, 8, 3, 7, 4, 7, 6, 0, 8, 0, 1, 0, 5, 7, 14, 0, 2, 0, 1, 7, 12, 0, 2, 0, 9, 0, 13, 7, 8, 0, 13, 14, 7, 14, 7, 12, 7, 12, 0]
1952 [7, 4, 7, 3, 7, 9, 7, 6, 0, 3, 10, 7, 8, 14, 7, 6, 0, 14, 7, 12, 0, 2, 7, 12, 14, 0, 13, 7, 12, 0, 8, 0, 10, 0, 1, 0, 8, 0, 14, 5, 0, 5, 11, 7]
1870 [0, 2, 11, 7, 3, 7, 9, 0, 8, 0, 8, 0, 13, 0, 1, 7, 14, 0, 2, 7, 3, 7, 3, 10, 0, 14, 7, 6, 4, 7, 12, 7, 4, 0, 5, 12, 7, 12, 0, 5, 0]
2816 [0, 11, 0, 1, 10, 0, 2, 10, 7, 12, 6, 7, 3, 7, 3, 7, 8, 7, 4, 7, 12, 0, 14, 9, 0, 5, 8, 2, 7, 12, 0, 13, 7, 14, 0, 11, 0, 13, 8, 7, 0, 8, 14, 0]
2375 [7, 6, 0, 14, 7, 14, 0, 3, 0, 10, 7, 8, 0, 8, 0, 1, 2, 0, 13, 5, 0, 8, 0, 13, 0, 11, 0, 14, 7, 13, 0, 2, 7, 12, 7, 9, 0, 2, 3, 7, 4, 7, 12, 7, 8, 7]
2417 [0, 13, 7, 3, 0, 1, 0, 2, 7, 14, 7, 8, 0, 5, 7, 3, 0, 13, 0, 13, 11, 10, 0, 14, 0, 8, 7, 14, 0, 9, 6, 7, 12, 7, 8, 4, 7, 3, 11, 12, 7, 4, 6, 7, 12, 0]
2727 [7, 9, 0, 3, 8, 7, 3, 0, 12, 0, 13, 0, 2, 0, 5, 0, 5, 0, 1, 0, 11, 7, 14, 0, 8, 0, 14, 0, 5, 7, 8, 7, 6, 7, 4, 10, 0, 8, 7, 12, 7, 4, 7, 8, 7, 12, 7, 14, 12, 7]
2269 [7, 8, 9, 0, 1, 5, 7, 3, 7, 12, 6, 7, 3, 7, 4, 7, 12, 7, 12, 14, 7, 0, 8, 10, 12, 0, 1, 14, 0, 14, 0, 11, 0, 13, 0, 2, 0, 8, 7]
2110 [0, 2, 1, 0, 13, 0, 8, 7, 12, 7, 4, 9, 0, 5, 0, 2, 11, 7, 3, 0, 11, 0, 14, 8, 0, 14, 10, 7, 8, 3, 7, 12, 7, 4, 7, 14, 7, 12, 14, 6, 0]
1872 [7, 14, 7, 4, 7, 3, 0, 13, 0, 8, 7, 3, 0, 1, 0, 2, 0, 8, 0, 5, 7, 6, 0, 12, 7, 2, 7, 9, 12, 7, 12, 0, 11, 14, 0, 1, 0, 14, 1, 0, 7, 12, 10, 7]
2441 [7, 3, 7, 14, 3, 7, 6, 4, 7, 3, 0, 9, 0, 8, 7, 12, 7, 4, 8, 0, 12, 0, 1, 11, 7, 12, 7, 0, 12, 0, 8, 0, 5, 0, 13, 0, 2, 0, 14, 0, 11, 10, 8, 7]
2169 [0, 2, 0, 13, 0, 11, 7, 8, 0, 8, 7, 10, 0, 14, 0, 1, 0, 14, 0, 1, 7, 3, 0, 14, 8, 5, 7, 6, 7, 12, 7, 3, 7, 3, 7, 12, 7, 9, 4, 7, 4, 0]
2262 [0, 2, 0, 11, 1, 0, 5, 7, 10, 4, 7, 3, 7, 4, 0, 13, 0, 11, 12, 7, 6, 0, 9, 7, 13, 0, 8, 0, 14, 0, 13, 3, 8, 7, 9, 0, 14, 0, 7, 8, 14, 7, 12, 7, 12, 8, 0]
2478 [0, 14, 7, 11, 8, 7, 3, 0, 8, 5, 0, 2, 0, 1, 0, 8, 14, 0, 13, 0, 10, 0, 13, 7, 14, 0, 13, 7, 3, 8, 6, 7, 4, 7, 9, 12, 7, 14, 12, 4, 7, 12, 7, 12, 0]
2172 [0, 2, 0, 11, 7, 3, 7, 5, 0, 8, 0, 10, 0, 8, 7, 1, 4, 7, 12, 0, 6, 0, 14, 7, 1, 9, 0, 5, 13, 0, 13, 7, 14, 7, 12, 7, 3, 7, 4, 14, 12, 0]
1872 [7, 12, 7, 4, 7, 3, 0, 10, 1, 0, 8, 7, 3, 7, 12, 0, 5, 0, 13, 7, 6, 7, 14, 0, 8, 0, 9, 0, 14, 0, 2, 7, 8, 0, 1, 11, 14, 7]
1942 [0, 1, 0, 13, 7, 3, 7, 9, 0, 3, 7, 11, 7, 4, 0, 2, 0, 14, 0, 8, 0, 8, 5, 7, 12, 7, 3, 6, 12, 0, 11, 10, 7, 8, 7, 12, 7, 14, 0]
2207 [0, 1, 8, 0, 2, 0, 14, 0, 5, 7, 11, 0, 11, 0, 14, 7, 8, 0, 8, 10, 0, 13, 7, 4, 7, 4, 7, 3, 9, 7, 6, 14, 12, 7, 12, 7, 3, 7, 12, 0]
2277 [7, 12, 7, 3, 7, 9, 7, 6, 0, 8, 0, 14, 0, 1, 7, 14, 10, 0, 11, 8, 0, 11, 2, 0, 1, 7, 3, 0, 13, 0, 5, 2, 0, 5, 7, 14, 7, 12, 7, 4, 3, 7, 4, 7]
2468 [7, 3, 7, 4, 7, 14, 0, 3, 5, 10, 0, 8, 0, 1, 2, 0, 8, 7, 3, 0, 10, 0, 14, 0, 2, 7, 6, 7, 9, 0, 11, 0, 2, 0, 13, 7, 8, 12, 7, 12, 7, 12, 7]
2414 [7, 3, 7, 4, 3, 0, 5, 11, 7, 14, 0, 9, 0, 13, 0, 4, 0, 1, 0, 8, 0, 10, 0, 2, 13, 8, 7, 6, 7, 12, 7, 12, 0, 14, 0, 14, 7, 8, 2, 0, 7, 11, 14, 7, 8, 14, 7]
2168 [0, 2, 0, 13, 7, 3, 7, 3, 0, 8, 7, 6, 9, 7, 4, 7, 12, 0, 14, 0, 11, 5, 0, 1, 7, 8, 0, 11, 12, 7, 12, 7, 0, 4, 0, 8, 0, 10, 0, 14, 0]
2342 [0, 2, 7, 3, 7, 3, 1, 0, 13, 0, 10, 7, 14, 7, 11, 0, 2, 12, 7, 4, 6, 0, 14, 0, 2, 0, 8, 0, 7, 8, 7, 5, 7, 3, 7, 4, 9, 7, 9, 8, 7, 14, 7, 12, 7, 12, 0]
2142 [0, 11, 7, 3, 0, 10, 0, 14, 7, 8, 0, 13, 9, 7, 4, 0, 8, 7, 3, 0, 1, 7, 6, 7, 14, 12, 0, 13, 8, 2, 0, 2, 7, 5, 6, 12, 0, 2, 7, 12, 7, 12, 0]
1858 [0, 14, 7, 3, 0, 1, 0, 13, 0, 8, 7, 4, 0, 5, 7, 12, 7, 3, 0, 11, 0, 12, 7, 2, 0, 2, 8, 0, 2, 10, 7, 12, 7, 8, 14, 7, 12, 7, 9, 6, 8, 0]
2319 [0, 10, 0, 11, 7, 1, 0, 6, 0, 5, 0, 11, 7, 8, 0, 2, 0, 13, 0, 13, 8, 0, 13, 7, 14, 0, 2, 7, 14, 7, 3, 7, 12, 7, 3, 0, 9, 14, 6, 7, 4, 7, 12, 7, 12, 8, 0]
2084 [0, 1, 7, 10, 3, 0, 2, 0, 5, 7, 14, 0, 11, 0, 8, 7, 12, 0, 13, 0, 8, 14, 10, 7, 6, 0, 14, 3, 7, 9, 8, 7, 12, 7, 4, 7, 14, 0]
1991 [0, 14, 0, 2, 7, 9, 10, 6, 7, 3, 8, 0, 8, 1, 0, 5, 2, 0, 13, 0, 8, 7, 3, 7, 4, 0, 11, 6, 7, 3, 14, 7, 12, 4, 7, 12, 7, 12, 0]
2148 [7, 3, 7, 14, 0, 6, 0, 1, 0, 2, 7, 12, 7, 8, 3, 0, 5, 0, 8, 0, 14, 7, 4, 0, 8, 0, 10, 0, 3, 7, 13, 9, 7, 6, 0, 13, 7, 12, 7, 0, 4, 0, 11, 0, 13, 10, 7]
2168 [0, 1, 7, 2, 0, 8, 7, 12, 0, 6, 13, 0, 10, 0, 13, 7, 14, 7, 3, 7, 12, 0, 5, 7, 3, 2, 0, 5, 7, 11, 14, 7, 3, 12, 4, 0, 8, 0, 11, 7, 4, 9, 0]
2173 [7, 3, 9, 0, 13, 0, 10, 7, 5, 7, 8, 12, 7, 4, 3, 0, 8, 7, 4, 7, 6, 12, 0, 1, 0, 11, 8, 0, 14, 7, 12, 7, 0, 2, 0, 13, 14, 0, 2, 13, 7]
2040 [0, 1, 10, 0, 13, 0, 5, 7, 8, 7, 14, 1, 7, 4, 7, 12, 0, 9, 8, 0, 6, 0, 2, 8, 0, 2, 0, 2, 11, 0, 14, 7, 3, 7, 12, 7, 3, 12, 7, 3, 0]
2374 [7, 3, 0, 14, 7, 3, 7, 12, 7, 9, 0, 10, 7, 6, 7, 6, 0, 11, 7, 4, 0, 5, 7, 8, 7, 14, 7, 12, 0, 4, 0, 1, 11, 0, 2, 7, 8, 12, 0, 8, 0, 1, 7, 5, 8, 0, 13, 7]
1956 [0, 1, 7, 8, 7, 3, 0, 2, 7, 12, 0, 5, 0, 14, 7, 9, 7, 14, 6, 0, 5, 0, 8, 0, 10, 0, 11, 0, 13, 0, 7, 14, 7, 4, 7, 12, 7, 3, 7, 12, 0]
1813 [0, 13, 0, 14, 1, 0, 11, 5, 7, 3, 0, 8, 0, 2, 0, 14, 7, 3, 0, 2, 7, 14, 0, 2, 0, 5, 7, 6, 0, 8, 0, 7, 10, 7, 8, 7, 12, 7, 9, 7, 4, 7, 12, 0]
